Eigenvectors
-0.256630 0.256630 0.256419 0.256230 0.254120 0.253354
-0.023150 0.023150 0.022723 0.022340 0.018148 0.016644
0.655042 -0.655042 -0.655365 -0.655642 -0.658121 -0.658816
-0.188112 0.188112 0.187910 0.187742 0.186520 0.186293
0.295308 -0.295308 -0.294953 -0.294642 -0.291493 -0.290455
-0.000000 0.000000 0.000000 0.000000 0.000000 0.000000
-0.000000 0.000000 0.000000 0.000000 0.000000 0.000000
-0.014527 0.014527 0.014596 0.014656 0.015167 0.015295
-0.110197 0.110197 0.109947 0.109735 0.107939 0.107483
-0.000000 0.000000 0.000000 0.000000 0.000000 0.000000
-0.000000 0.000000 0.000000 0.000000 0.000000 0.000000
-0.026128 0.026128 0.026158 0.026182 0.026302 0.026288
0.057539 -0.057539 -0.057332 -0.057144 -0.054895 -0.054029
0.452224 -0.452224 -0.451919 -0.451656 -0.449232 -0.448512
-0.401327 0.401327 0.401750 0.402123 0.405940 0.407225
0.003824 -0.003824 -0.003977 -0.004111 -0.005456 -0.005912
